1 1 0
2 2 12
3 3 8
4 3 11
5 3 14
6 3 14
7 3 15

1 1 12
2 2 0
3 4 4
4 4 1
5 4 5
6 4 4
7 4 5

1 1 8
2 4 4
3 3 0
4 4 3
5 5 6
6 4 6
7 4 7

1 3 11
2 2 1
3 3 3
4 4 0
5 5 4
6 6 3
7 7 4

1 3 14
2 4 5
3 3 6
4 4 4
5 5 0
6 6 3
7 6 5

1 4 14
2 4 4
3 4 6
4 4 3
5 5 3
6 6 0
7 7 2

1 4 15
2 4 5
3 4 7
4 4 4
5 6 5
6 6 2
7 7 0

from 2 to 1 cost 12 hops 2 message send this message from 2 to 1
1 1 0
2 2 12
3 3 8
4 3 11
5 3 14
6 3 14
7 3 15

1 1 12
2 2 0
3 4 4
4 4 1
5 4 5
6 4 4
7 4 5

1 1 8
2 4 4
3 3 0
4 4 3
5 5 6
6 4 6
7 4 7

1 3 11
2 2 1
3 3 3
4 4 0
5 5 4
6 6 3
7 7 4

1 3 14
2 4 5
3 3 6
4 4 4
5 5 0
6 6 3
7 6 5

1 4 14
2 4 4
3 4 6
4 4 3
5 5 3
6 6 0
7 7 2

1 4 15
2 4 5
3 4 7
4 4 4
5 6 5
6 6 2
7 7 0

from 2 to 1 cost 12 hops 2 message send this message from 2 to 1
1 1 0
2 2 12
3 3 8
4 3 11
5 3 14
6 3 14
7 3 15

1 1 12
2 2 0
3 3 9
4 3 12
5 3 15
6 7 12
7 7 10

1 1 8
2 2 9
3 3 0
4 4 3
5 5 6
6 4 6
7 4 7

1 3 11
2 3 12
3 3 3
4 4 0
5 5 4
6 6 3
7 7 4

1 3 14
2 3 15
3 3 6
4 4 4
5 5 0
6 6 3
7 6 5

1 4 14
2 7 12
3 4 6
4 4 3
5 5 3
6 6 0
7 7 2

1 4 15
2 2 10
3 4 7
4 4 4
5 6 5
6 6 2
7 7 0

from 2 to 1 cost 12 hops 2 message send this message from 2 to 1
